HJD	MAG	MER_2	Grade
1888.59038	10.558	0.036	A
1902.53308	10.594	0.034	A
1905.54753	10.577	0.032	A
1908.54457	10.578	0.031	A
1915.54637	10.618	0.033	A
1921.5327	10.581	0.032	A
2440.88162	10.581	0.029	A
2545.77189	10.678	0.029	A
2552.83197	10.602	0.032	A
2558.78043	10.617	0.034	A
2629.60137	10.585	0.032	A
2634.62863	10.602	0.03	A
2637.5447	10.715	0.032	A
2641.5641	10.588	0.03	A
2643.55959	10.594	0.032	A
2645.54555	10.592	0.032	A
2651.53557	10.569	0.032	A
2653.56324	10.74	0.033	A
2657.53782	10.646	0.034	A
2659.55815	10.606	0.03	A
2662.53391	10.606	0.03	A
2664.53701	10.594	0.034	A
2667.53365	10.605	0.03	A
2670.526	10.597	0.034	A
2815.92301	10.842	0.033	A
2820.90208	10.8	0.03	A
2832.8758	10.617	0.03	A
2843.85019	10.582	0.034	A
2851.88722	10.892	0.031	A
2858.7995	10.599	0.03	A
2860.79812	10.596	0.031	A
2862.79678	10.583	0.029	A
2871.87239	10.593	0.034	A
2874.78523	10.601	0.031	A
2876.77372	10.609	0.03	A
2883.76673	10.617	0.032	A
2885.74074	10.592	0.03	A
2892.76784	10.734	0.035	A
2896.76861	10.586	0.034	A
2898.72353	10.621	0.032	A
2900.7123	10.589	0.031	A
2903.79843	10.606	0.04	A
2906.69841	10.602	0.03	A
2908.73826	10.632	0.029	A
2910.76502	10.62	0.03	A
2912.73217	10.588	0.03	A
2915.69372	10.589	0.031	A
2917.65713	10.598	0.031	A
2926.82904	10.594	0.031	A
2932.74242	10.59	0.031	A
2934.73729	10.604	0.032	A
2940.61071	10.62	0.031	A
2942.63394	10.623	0.032	A
2943.6852	10.591	0.029	A
2945.60327	10.632	0.031	A
2951.62025	10.589	0.034	A
2953.62828	10.614	0.034	A
2961.62248	10.599	0.03	A
2963.6323	10.651	0.031	A
2965.64413	10.651	0.031	A
2969.61232	10.638	0.03	A
2971.63758	10.604	0.03	A
2973.60843	10.654	0.03	A
2978.62393	10.617	0.032	A
2980.64516	10.7	0.033	A
2982.65364	10.61	0.037	A
2984.65328	10.577	0.031	A
2987.55438	10.621	0.03	A
2989.6441	10.597	0.03	A
2992.57985	10.581	0.031	A
2994.60661	10.601	0.033	A
2997.55895	10.578	0.029	A
3008.59932	10.605	0.034	A
3011.57238	10.611	0.033	A
3013.58291	10.634	0.033	A
3017.57017	10.611	0.03	A
3189.92253	10.615	0.033	A
3401.52609	10.582	0.031	A
2558.78043	10.568	0.034	A
2885.76996	10.583	0.022	A
2956.63733	10.577	0.024	A
3373.60135	10.525	0.031	A
1921.54	10.504	0.026	A
2552.80442	10.572	0.022	A
2624.60021	10.573	0.025	A
2627.60616	10.766	0.022	A
2629.60884	10.596	0.022	A
2635.55867	10.545	0.02	A
2637.57979	10.545	0.021	A
2639.58508	10.554	0.022	A
2641.59227	10.566	0.022	A
2643.58774	10.529	0.024	A
2645.57606	10.55	0.023	A
2651.54304	10.555	0.025	A
2654.55373	10.54	0.022	A
2658.54212	10.945	0.023	A
2661.53177	10.572	0.024	A
2667.52925	10.57	0.024	A
2805.91875	10.557	0.022	A
2810.88217	10.572	0.023	A
2820.92034	10.664	0.024	A
2832.87323	10.621	0.031	A
2843.84489	10.57	0.025	A
2851.88919	10.817	0.018	A
2858.8015	10.559	0.018	A
2860.80728	10.543	0.022	A
2862.79429	10.534	0.023	A
2872.82199	10.521	0.022	A
2875.83065	10.538	0.019	A
2877.79562	10.606	0.02	A
2883.80556	10.552	0.02	A
2885.74973	10.557	0.019	A
2892.77222	10.667	0.022	A
2897.76639	10.555	0.022	A
2899.74993	10.578	0.021	A
2905.69848	10.538	0.02	A
2910.68811	10.579	0.022	A
2915.7005	10.561	0.021	A
2917.6549	10.552	0.024	A
2924.71314	10.529	0.023	A
2927.68276	10.575	0.02	A
2929.68875	10.532	0.021	A
2931.69563	10.534	0.02	A
2933.68482	10.614	0.021	A
2935.67966	10.537	0.02	A
2937.70008	10.542	0.021	A
2940.71295	10.587	0.021	A
2942.63174	10.544	0.024	A
2943.68311	10.571	0.02	A
2945.60565	10.538	0.022	A
2961.70375	10.553	0.022	A
2964.55102	10.597	0.022	A
2966.5753	10.554	0.021	A
2968.58551	10.572	0.02	A
2970.57928	10.56	0.02	A
2972.58938	10.546	0.02	A
2985.60551	10.643	0.023	A
2990.61861	11.187	0.02	A
3016.55011	10.593	0.022	A
3025.53823	10.567	0.023	A
3271.72926	10.564	0.023	A
3273.74678	10.524	0.023	A
3279.72255	10.601	0.026	A
3294.70344	10.591	0.024	A
3526.93468	10.588	0.025	A
3543.93774	10.554	0.024	A
3560.90093	10.572	0.028	A
3563.89176	10.541	0.024	A
3569.91695	10.541	0.023	A
3572.89781	10.702	0.023	A
3575.8703	10.549	0.024	A
3579.89699	10.587	0.024	A
3583.85386	10.577	0.025	A
3589.83018	10.546	0.03	A
3592.81944	10.744	0.025	A
3622.78537	10.56	0.025	A
3625.80857	10.561	0.033	A
3628.78208	10.578	0.025	A
3637.74181	10.581	0.026	A
3642.78576	10.585	0.029	A
3646.68855	10.578	0.024	A
3651.69046	10.684	0.023	A
3653.7159	10.597	0.031	A
3655.66713	10.573	0.025	A
3663.69606	10.591	0.031	A
3665.75204	10.592	0.027	A
3669.669	10.548	0.023	A
3672.60813	10.552	0.023	A
3674.70298	10.559	0.026	A
3680.63941	10.589	0.025	A
3705.63499	10.558	0.032	A
3754.54828	10.561	0.029	A
3893.92986	10.567	0.025	A
3901.93509	10.534	0.028	A
4091.58105	10.535	0.029	A
4103.5471	10.525	0.029	A
4303.85196	10.57	0.033	A
4319.83036	10.555	0.024	A
4336.80059	10.545	0.026	A
4339.77388	10.547	0.024	A
4341.77675	10.552	0.026	A
4350.75057	10.565	0.027	A
4353.74336	10.543	0.024	A
4355.78142	10.549	0.026	A
4358.72779	10.543	0.028	A
4363.73454	10.543	0.025	A
4365.73666	10.544	0.024	A
4372.72826	10.547	0.032	A
4375.73052	10.53	0.029	A
4377.79503	10.594	0.032	A
4380.66669	10.534	0.03	A
4382.70505	10.565	0.025	A
4384.72751	10.55	0.029	A
4386.71351	10.541	0.025	A
4388.69982	10.568	0.024	A
4392.6515	10.574	0.025	A
4402.69113	10.585	0.029	A
4404.76211	10.551	0.026	A
4408.61411	10.561	0.026	A
4420.59734	10.522	0.031	A
4422.65184	10.546	0.024	A
4429.61586	10.568	0.026	A
4431.68141	10.569	0.027	A
4439.58627	10.556	0.032	A
4442.63213	10.556	0.033	A
4457.56375	10.851	0.031	A
4460.56777	10.572	0.026	A
4463.55006	10.585	0.024	A
4469.5446	10.517	0.031	A
4473.56692	10.572	0.03	A
4482.54603	10.515	0.032	A
4487.53492	10.562	0.031	A
4626.92256	10.538	0.028	A
4630.91324	10.559	0.026	A
4647.89727	10.536	0.026	A
4650.93084	10.669	0.028	A
4654.91138	10.573	0.031	A
4664.88375	10.528	0.026	A
4676.9081	10.728	0.029	A
4682.83782	10.553	0.024	A
4685.82125	10.528	0.028	A
4691.80382	10.618	0.025	A
4694.79585	10.544	0.026	A
4700.82994	10.527	0.026	A
4703.78051	10.54	0.026	A
4715.79266	10.522	0.029	A
4721.70449	10.56	0.025	A
4727.80092	10.554	0.029	A
4729.81265	10.547	0.027	A
4733.7066	10.55	0.029	A
4740.71438	10.519	0.026	A
4747.72171	10.576	0.03	A
4750.65478	10.533	0.031	A
4755.67778	10.54	0.028	A
4757.74891	10.557	0.027	A
4760.63797	10.571	0.024	A
4762.75558	10.568	0.024	A
4765.63438	10.601	0.029	A
4767.74219	10.551	0.026	A
4770.63763	10.568	0.025	A
4772.71124	10.556	0.024	A
4775.58801	10.575	0.026	A
4777.61208	10.536	0.03	A
4782.61206	10.551	0.033	A
4784.68143	11.073	0.031	A
4792.67483	10.541	0.024	A
4803.64384	10.517	0.027	A
4819.56073	10.558	0.032	A
4827.60564	10.677	0.03	A
5088.72675	10.553	0.031	A
2886.75628	10.53	0.024	A
2998.64216	10.63	0.023	A
2053.92347	11.097	0.043	B
2529.72303	11.066	0.046	B
2554.64926	10.567	0.046	B
2639.55691	10.576	0.035	B
3006.54757	10.636	0.049	B
2468.87394	10.538	0.043	B
2488.7867	10.584	0.042	B
2490.80455	10.577	0.036	B
2912.72071	10.552	0.038	B
2951.66817	10.52	0.049	B
2953.68477	10.546	0.034	B
2987.61836	10.558	0.035	B
3012.5577	10.608	0.033	B
3019.54174	10.698	0.046	B
3183.92207	11.029	0.052	B
3326.59186	10.542	0.028	B
3383.55578	10.543	0.034	B
3388.5431	10.532	0.038	B
3553.89883	10.575	0.038	B
3586.83746	10.586	0.033	B
3596.83342	10.532	0.029	B
3600.807	10.52	0.034	B
3617.78538	10.563	0.039	B
3620.7635	10.556	0.041	B
3634.74866	10.565	0.032	B
3640.73258	10.555	0.03	B
3661.68174	10.551	0.034	B
3677.62871	10.527	0.04	B
3700.57515	10.795	0.037	B
3703.56332	10.572	0.034	B
3708.58903	10.554	0.038	B
3716.54002	10.542	0.035	B
3718.64149	10.595	0.033	B
3721.58657	10.774	0.035	B
3724.58249	10.6	0.038	B
3727.57483	10.603	0.033	B
3730.61114	10.557	0.036	B
3734.55825	11.1	0.033	B
3737.55322	10.53	0.032	B
3746.56518	10.535	0.041	B
3750.55664	10.566	0.035	B
3758.53499	10.56	0.032	B
4106.55002	10.557	0.031	B
4111.55509	10.54	0.035	B
4282.90477	10.839	0.033	B
4291.8768	10.572	0.046	B
4294.90637	10.553	0.036	B
4297.88408	10.535	0.048	B
4300.87669	10.586	0.049	B
4305.88959	10.558	0.043	B
4307.87777	10.559	0.034	B
4312.83386	10.586	0.039	B
4329.84702	10.563	0.042	B
4361.72157	10.548	0.033	B
4399.68953	10.525	0.036	B
4411.61645	10.533	0.033	B
4427.57891	10.498	0.039	B
4436.68298	10.552	0.032	B
4454.56723	10.528	0.037	B
4466.553	10.516	0.037	B
4669.89013	10.538	0.04	B
4707.75053	10.57	0.035	B
4717.8516	10.604	0.037	B
4737.80431	10.496	0.041	B
4795.66377	10.573	0.041	B
4798.63959	10.538	0.031	B
4801.59931	10.54	0.034	B
4810.5391	10.597	0.049	B
4813.54239	10.524	0.034	B
4815.6149	10.571	0.036	B
4821.61409	10.524	0.038	B
4824.60727	10.684	0.037	B
4830.60196	10.571	0.042	B
4837.55192	10.582	0.046	B
4840.5814	10.521	0.039	B
4844.5493	10.566	0.045	B
4847.54928	10.578	0.048	B
4850.55002	10.58	0.036	B
4855.52952	10.554	0.041	B
4990.929	10.509	0.04	B
5009.91572	10.542	0.039	B
5013.92832	10.782	0.041	B
5020.91939	10.551	0.041	B
5023.92253	10.428	0.034	B
5042.83147	10.53	0.047	B
5047.87762	10.526	0.043	B
5049.85351	11.009	0.039	B
5065.86982	10.557	0.042	B
5069.75926	10.568	0.041	B
5072.79435	10.581	0.035	B
5075.75671	10.657	0.04	B
5083.7807	10.542	0.045	B
5085.85527	10.556	0.037	B
5093.70963	10.553	0.038	B
5097.75225	10.562	0.036	B
5099.7442	10.565	0.036	B
5104.695	10.643	0.034	B
5106.6995	10.57	0.04	B
5110.70903	10.613	0.038	B
5118.79374	10.575	0.037	B
5147.64543	10.586	0.04	B
5155.58171	10.572	0.046	B
5165.5571	10.533	0.044	B
5168.56291	10.573	0.043	B
2956.6399	10.566	0.046	B
3362.53842	10.611	0.043	B
3366.55352	10.573	0.046	B