HJD	MAG	MER_3	GRADE
2660.80721	9.603	0.04	A
1919.84725	9.584	0.043	A
1921.83844	9.61	0.04	A
1925.83062	9.599	0.044	A
1926.86838	9.613	0.035	A
1929.82121	9.612	0.034	A
1931.81923	9.603	0.037	A
1933.82443	9.585	0.035	A
1935.87879	9.6	0.029	A
1938.80589	9.611	0.036	A
1940.82907	9.606	0.033	A
1946.78678	9.596	0.041	A
1948.8179	9.619	0.038	A
1950.78448	9.6	0.035	A
1953.79167	9.623	0.033	A
1955.82363	9.604	0.03	A
1958.87556	9.594	0.036	A
1961.82453	9.583	0.032	A
1964.77672	9.613	0.03	A
1965.90029	9.602	0.036	A
1967.7717	9.594	0.035	A
1971.88319	9.645	0.039	A
1976.85137	9.665	0.044	A
1978.7517	9.607	0.043	A
1979.76105	9.597	0.042	A
1981.75725	9.627	0.04	A
1982.75545	9.636	0.038	A
1984.76832	9.609	0.047	A
1985.7751	9.621	0.044	A
1993.80358	9.578	0.05	A
1995.71307	9.608	0.048	A
1997.75101	9.598	0.048	A
2025.66969	9.62	0.04	A
2026.68764	9.613	0.043	A
2032.66457	9.622	0.042	A
2085.55524	9.611	0.038	A
2102.50959	9.602	0.04	A
2104.51532	9.59	0.044	A
2109.54976	9.748	0.037	A
2115.48526	9.658	0.039	A
2117.48521	9.599	0.041	A
2128.50525	9.617	0.039	A
2132.52747	9.605	0.041	A
2134.52627	9.6	0.041	A
2136.51993	9.867	0.041	A
2141.52044	9.603	0.042	A
2145.5013	9.907	0.044	A
2441.5821	9.677	0.035	A
2443.57146	9.626	0.025	A
2452.53623	9.582	0.034	A
2454.55751	9.601	0.033	A
2456.53962	9.672	0.03	A
2459.53507	9.646	0.031	A
2464.53707	9.63	0.028	A
2465.53695	9.613	0.026	A
2467.52685	9.608	0.026	A
2468.52986	9.636	0.025	A
2469.5337	9.62	0.03	A
2470.52087	9.59	0.028	A
2473.50528	9.608	0.033	A
2481.48177	9.604	0.037	A
2483.50105	9.601	0.048	A
2490.50053	9.633	0.031	A
2493.50547	9.606	0.035	A
2495.52694	9.593	0.038	A
2497.5211	9.602	0.028	A
2499.48463	9.6	0.03	A
2502.54008	9.611	0.037	A
2503.54918	9.601	0.04	A
2508.51509	9.635	0.029	A
2512.57697	9.542	0.05	A
2520.49243	9.609	0.027	A
2521.51411	9.606	0.033	A
2524.51689	9.618	0.033	A
2526.54564	9.591	0.035	A
2535.48699	9.612	0.034	A
2544.52209	9.588	0.031	A
2547.48674	9.605	0.035	A
2552.48551	9.635	0.04	A
2631.86057	9.613	0.043	A
2635.86141	9.631	0.043	A
2643.8531	9.611	0.033	A
2650.85971	9.616	0.032	A
2653.85014	9.608	0.033	A
2657.86891	9.597	0.037	A
2660.83684	9.605	0.039	A
2663.82218	9.606	0.037	A
2666.83965	9.614	0.037	A
2670.82851	9.582	0.037	A
2673.84935	9.62	0.036	A
2676.83533	9.612	0.031	A
2679.80727	9.598	0.041	A
2684.83942	9.614	0.033	A
2686.85272	9.612	0.032	A
2688.85428	9.603	0.033	A
2690.82463	9.608	0.041	A
2693.84048	9.6	0.032	A
2701.79882	9.602	0.035	A
2705.78795	9.59	0.037	A
2707.77952	9.619	0.033	A
2709.77897	9.586	0.033	A
2711.76665	9.609	0.038	A
2713.76636	9.636	0.04	A
2715.7569	9.6	0.04	A
2719.73425	9.614	0.035	A
2721.7576	9.634	0.046	A
2725.74669	9.652	0.035	A
2727.77106	9.566	0.044	A
2731.85573	9.595	0.031	A
2734.71446	9.62	0.035	A
2736.7285	9.645	0.04	A
2738.7447	9.606	0.041	A
2740.74987	9.618	0.039	A
2742.68462	9.616	0.038	A
2744.71208	9.591	0.041	A
2750.80452	9.621	0.038	A
2752.72263	9.603	0.039	A
2755.67581	9.653	0.041	A
2757.66115	9.609	0.037	A
2759.72658	9.582	0.04	A
2764.71064	9.611	0.033	A
2770.68187	9.61	0.035	A
2776.77134	9.612	0.041	A
2782.66905	9.628	0.034	A
2783.83484	9.606	0.036	A
2785.7161	9.614	0.033	A
2787.67141	9.596	0.032	A
2790.69971	9.609	0.029	A
2794.58175	9.611	0.034	A
2802.80877	9.635	0.051	A
2804.66087	9.616	0.034	A
2808.66283	9.622	0.035	A
2810.58314	9.597	0.036	A
2811.73149	9.602	0.032	A
2813.66382	9.596	0.033	A
2820.66748	9.61	0.032	A
2822.70146	9.61	0.05	A
2826.70302	9.633	0.027	A
2830.55373	9.603	0.031	A
2831.67432	9.623	0.033	A
2832.73393	9.716	0.036	A
2834.60024	9.612	0.033	A
2835.70483	9.668	0.033	A
2838.69564	9.674	0.033	A
2843.60188	9.579	0.044	A
2851.54351	9.595	0.031	A
2853.66256	9.717	0.028	A
2855.58118	9.612	0.027	A
2858.63826	9.596	0.03	A
2860.59794	9.617	0.033	A
2866.57532	9.593	0.031	A
2868.6362	9.771	0.033	A
2878.53007	9.584	0.032	A
2882.51171	9.616	0.035	A
2884.51425	9.611	0.032	A
2885.56666	9.595	0.037	A
2888.57477	9.607	0.036	A
2894.55562	9.625	0.044	A
2905.5042	9.599	0.032	A
2908.5186	9.605	0.038	A
2910.5244	9.87	0.042	A
2917.50311	9.589	0.037	A
2923.48642	9.604	0.043	A
3007.85609	9.61	0.032	A
3011.85646	9.6	0.038	A
3018.8396	9.62	0.038	A
3030.87671	9.612	0.037	A
3051.88146	9.598	0.03	A
3055.80677	9.603	0.034	A
3062.79338	9.594	0.049	A
3066.84028	9.61	0.031	A
3069.80338	9.616	0.034	A
3072.80859	9.598	0.032	A
3075.7938	9.621	0.031	A
3078.78867	9.609	0.031	A
3081.77622	9.599	0.03	A
3085.85386	9.598	0.036	A
3088.75513	9.603	0.036	A
3090.81742	9.577	0.046	A
3097.72789	9.616	0.036	A
3099.76863	9.631	0.033	A
3101.7924	9.865	0.035	A
3103.81376	9.613	0.036	A
3105.81182	9.606	0.031	A
3107.81984	9.947	0.032	A
3110.69651	9.753	0.031	A
3114.80075	9.593	0.029	A
3116.84127	9.918	0.036	A
3121.73644	9.608	0.029	A
3125.71599	9.905	0.034	A
3127.70213	9.597	0.046	A
3129.72901	9.596	0.04	A
3131.75343	9.94	0.034	A
3133.75873	9.604	0.031	A
3144.79691	9.606	0.029	A
3153.64621	9.604	0.03	A
3158.69206	9.904	0.042	A
3160.70531	9.607	0.043	A
3163.72002	9.615	0.037	A
3168.75078	9.611	0.038	A
3171.70704	9.592	0.037	A
3175.69522	9.612	0.03	A
3180.62238	9.622	0.036	A
3183.61713	9.607	0.035	A
3185.61097	9.878	0.036	A
3187.6392	9.6	0.038	A
3393.85361	9.574	0.036	A
3402.82753	9.617	0.035	A
3405.8506	9.592	0.047	A
3409.81554	9.724	0.05	A
3415.86297	9.612	0.039	A
3418.87671	9.613	0.044	A
3432.81491	9.615	0.042	A
3446.77492	9.598	0.038	A
3450.82616	9.619	0.029	A
3466.73885	9.618	0.04	A
3469.77984	9.629	0.037	A
3474.76901	9.582	0.044	A
3477.70141	9.608	0.045	A
3479.75298	9.598	0.045	A
3481.74232	9.62	0.037	A
3490.72824	9.623	0.043	A
3496.71974	9.597	0.03	A
3499.71828	9.598	0.046	A
3501.76481	9.583	0.047	A
3504.62492	9.758	0.041	A
3508.6796	9.725	0.028	A
3510.75919	9.6	0.04	A
3512.65126	9.599	0.032	A
3515.82351	9.634	0.042	A
3521.78154	9.597	0.049	A
3523.73419	9.618	0.043	A
3530.56044	9.61	0.041	A
3539.60126	9.621	0.045	A
3554.62666	9.592	0.03	A
3556.68383	9.607	0.032	A
3564.52449	9.63	0.033	A
3569.58916	9.611	0.035	A
3571.64864	9.625	0.036	A
3574.65612	9.607	0.034	A
3576.65975	9.635	0.036	A
3578.66146	9.6	0.039	A
3587.6305	9.596	0.037	A
3589.63906	9.602	0.04	A
3592.51695	9.608	0.037	A
3594.56637	9.596	0.041	A
3603.60017	9.608	0.038	A
3606.59541	9.618	0.036	A
3616.51819	9.587	0.045	A
3619.50348	9.61	0.041	A
3626.51977	9.603	0.032	A
3630.52012	9.614	0.04	A
3632.52389	9.611	0.045	A
3639.50659	9.613	0.036	A
3647.49206	9.611	0.032	A
3650.48859	9.615	0.038	A
3782.86019	9.612	0.042	A
3805.81071	9.608	0.042	A
3813.84872	9.623	0.041	A
3821.75811	9.614	0.043	A
3828.85313	9.612	0.041	A
3831.73599	9.624	0.046	A
3833.77674	9.602	0.046	A
3835.77078	9.602	0.043	A
3837.76101	9.628	0.044	A
3847.76831	9.598	0.051	A
3849.75319	9.614	0.04	A
3862.68421	9.629	0.038	A
3866.67309	9.607	0.039	A
3870.71831	9.601	0.044	A
3875.80107	9.874	0.039	A
3879.62908	9.624	0.049	A
3890.63571	9.681	0.035	A
3892.626	9.618	0.039	A
3894.65576	9.628	0.034	A
3906.52723	9.62	0.037	A
3908.57551	9.695	0.038	A
4212.81282	9.613	0.045	A
4258.57052	9.649	0.031	A
4266.7439	9.598	0.037	A
4274.58184	9.564	0.032	A
4278.64523	9.606	0.03	A
4282.64418	9.611	0.046	A
4290.64088	9.602	0.03	A
4292.60189	9.599	0.028	A
4296.6081	9.697	0.032	A
4298.6127	9.589	0.037	A
4300.56199	9.607	0.038	A
4302.61582	9.687	0.032	A
4304.55763	9.594	0.03	A
4306.57455	9.611	0.035	A
4308.61689	9.587	0.041	A
4312.67951	9.587	0.038	A
4319.56747	9.601	0.031	A
4329.52719	9.6	0.041	A
4331.52875	9.604	0.031	A
4333.52717	9.614	0.035	A
4336.56419	9.624	0.031	A
4340.50564	9.603	0.035	A
4342.53151	9.614	0.034	A
4344.54025	9.613	0.035	A
4346.5416	9.586	0.033	A
4348.55617	9.619	0.032	A
4350.55792	9.61	0.035	A
4356.48967	9.607	0.031	A
4358.50244	9.604	0.033	A
4360.49209	9.598	0.033	A
4363.50958	9.626	0.032	A
4367.5167	9.6	0.035	A
4373.49253	9.616	0.041	A
4377.48882	9.598	0.032	A
4380.48779	9.603	0.035	A
4385.48684	9.608	0.032	A
4561.7317	9.622	0.033	A
4568.78828	9.6	0.048	A
4579.83961	9.616	0.036	A
4583.69611	9.581	0.032	A
4593.648	9.613	0.03	A
4618.6779	9.587	0.036	A
4624.65001	9.59	0.032	A
4638.72835	9.601	0.038	A
4675.6711	9.607	0.038	A
4694.63791	9.867	0.04	A
4702.61615	9.605	0.036	A
4707.58817	9.604	0.043	A
4715.58378	9.872	0.038	A
4720.53614	9.612	0.038	A
4734.4934	9.673	0.039	A
4738.50376	9.605	0.038	A
4741.50068	9.612	0.041	A
4748.49545	9.923	0.046	A
4895.87995	9.623	0.049	A
4903.87394	9.944	0.051	A
4917.78356	9.615	0.045	A
4993.75192	9.634	0.049	A
5042.55253	9.61	0.054	A
5047.57085	9.62	0.055	A
5089.50974	9.615	0.055	A
2026.68764	9.655	0.043	A
3409.81554	9.728	0.05	A
3432.81491	9.664	0.042	A
3499.71828	9.596	0.046	A
3805.81071	9.653	0.042	A
1954.8072	9.584	0.034	A
1955.82181	9.611	0.031	A
3385.86002	9.807	0.035	A
3397.83266	9.781	0.044	A
3405.84495	9.586	0.041	A
3418.8747	9.582	0.043	A
3424.83399	9.579	0.042	A
3436.82855	9.593	0.04	A
3450.82616	9.613	0.047	A
3453.70997	9.6	0.039	A
3455.72956	9.58	0.044	A
3459.80936	9.594	0.035	A
3462.74348	9.598	0.041	A
3464.78848	9.591	0.034	A
3467.73885	9.603	0.037	A
3469.82108	9.608	0.034	A
3472.71423	9.589	0.031	A
3474.76011	9.596	0.045	A
3477.6845	9.602	0.04	A
3479.74767	9.595	0.035	A
3481.73447	9.578	0.037	A
3483.72697	9.555	0.051	A
3490.72237	9.589	0.043	A
3492.70976	9.578	0.04	A
3496.70249	9.592	0.032	A
3499.70511	9.609	0.039	A
3501.75089	9.563	0.038	A
3503.80533	9.605	0.043	A
3506.84225	9.566	0.032	A
3509.79509	9.593	0.029	A
3512.62651	9.577	0.033	A
3515.81391	9.568	0.044	A
3521.77109	9.594	0.052	A
3523.72929	9.59	0.044	A
3525.76406	9.585	0.04	A
3530.55821	9.564	0.04	A
3538.63195	9.644	0.036	A
3544.51954	9.592	0.04	A
3547.6349	9.599	0.038	A
3554.64992	9.612	0.033	A
3556.75151	9.604	0.037	A
3559.73928	9.599	0.039	A
3564.52196	9.709	0.034	A
3569.6982	9.613	0.036	A
3573.61157	9.601	0.033	A
3575.62581	9.584	0.035	A
3577.63887	9.594	0.039	A
3586.60545	9.607	0.041	A
3593.53952	9.581	0.04	A
3601.55776	9.61	0.043	A
3603.56434	9.609	0.037	A
3606.56851	9.597	0.038	A
3617.55748	9.595	0.039	A
3624.55639	9.582	0.035	A
3635.48238	9.589	0.054	A
3641.49093	9.581	0.041	A
3644.48893	9.604	0.044	A
3651.48647	9.603	0.049	A
3741.86056	9.59	0.041	A
3750.85249	9.601	0.047	A
3754.83919	9.612	0.047	A
3757.86174	9.578	0.041	A
3773.83592	9.596	0.049	A
3777.82307	9.609	0.046	A
3782.86651	9.626	0.045	A
3789.79864	9.613	0.039	A
3792.82309	9.595	0.053	A
3795.81861	9.595	0.04	A
3802.76787	9.596	0.052	A
3805.78364	9.606	0.04	A
3808.78869	9.595	0.046	A
3810.83047	9.563	0.044	A
3815.83542	9.621	0.043	A
3818.75707	9.563	0.047	A
3820.84667	9.565	0.047	A
3823.74669	9.627	0.046	A
3825.80046	9.605	0.046	A
3828.72483	9.6	0.038	A
3830.79672	9.593	0.045	A
3832.77786	9.602	0.04	A
3834.76989	9.586	0.044	A
3836.78408	9.593	0.048	A
3848.74124	9.639	0.056	A
3850.75628	9.581	0.037	A
3852.80161	9.593	0.044	A
3855.67089	9.585	0.053	A
3861.72245	9.586	0.035	A
3863.69959	9.627	0.038	A
3869.6871	9.656	0.044	A
3871.68302	9.592	0.038	A
3874.7644	9.61	0.037	A
3882.66033	9.58	0.037	A
3886.73451	9.599	0.036	A
3892.67341	9.593	0.053	A
3897.61075	9.61	0.041	A
3903.66976	9.603	0.038	A
3905.66638	9.838	0.039	A
3907.66948	9.621	0.04	A
3909.77395	9.626	0.038	A
3913.75155	9.602	0.039	A
3981.54701	9.603	0.046	A
4105.86082	9.734	0.043	A
4125.84583	9.532	0.045	A
4129.84084	9.917	0.033	A
4133.82345	9.552	0.042	A
4136.83678	9.595	0.039	A
4139.84293	9.609	0.033	A
4151.80843	9.588	0.034	A
4154.83363	9.59	0.039	A
4160.81512	9.591	0.033	A
4163.80329	9.576	0.049	A
4176.83635	9.571	0.037	A
4179.827	9.591	0.038	A
4182.76698	9.601	0.035	A
4185.75661	9.558	0.038	A
4189.7298	9.853	0.03	A
4191.74364	9.601	0.034	A
4193.74345	9.585	0.038	A
4200.74908	9.606	0.031	A
4203.76941	9.59	0.032	A
4205.76326	9.571	0.035	A
4208.85494	9.608	0.04	A
4213.75204	9.675	0.036	A
4216.74173	9.624	0.032	A
4227.70601	9.607	0.031	A
4229.70959	9.58	0.031	A
4231.71712	9.593	0.037	A
4233.71655	9.586	0.029	A
4235.71465	9.607	0.034	A
4246.66415	9.575	0.033	A
4253.66989	9.597	0.035	A
4255.70211	9.612	0.031	A
4269.73342	9.6	0.034	A
4272.69539	9.588	0.031	A
4274.69774	9.579	0.034	A
4283.71699	9.59	0.047	A
4285.68089	9.574	0.039	A
4289.6776	9.585	0.033	A
4291.67665	9.605	0.031	A
4293.66476	9.584	0.03	A
4295.68064	9.603	0.032	A
4297.67098	9.587	0.038	A
4299.64613	9.605	0.037	A
4301.60034	9.601	0.036	A
4303.60854	9.589	0.035	A
4306.64452	9.6	0.032	A
4308.65677	9.6	0.046	A
4311.59065	9.594	0.033	A
4316.62109	9.574	0.034	A
4319.62881	9.579	0.032	A
4334.49496	9.595	0.03	A
4344.56676	9.571	0.038	A
4346.56564	9.598	0.031	A
4348.57093	9.597	0.037	A
4351.49918	9.585	0.039	A
4354.51767	9.616	0.03	A
4356.53988	9.58	0.033	A
4361.49971	9.585	0.031	A
4363.53622	9.628	0.036	A
4368.50828	9.569	0.039	A
4371.49009	9.599	0.037	A
4382.48687	9.585	0.036	A
4479.85531	9.593	0.037	A
4485.87432	9.594	0.037	A
4490.85659	9.588	0.033	A
4494.8284	9.58	0.036	A
4498.87172	9.567	0.033	A
4502.82428	9.567	0.042	A
4505.84876	9.61	0.037	A
4519.80543	9.569	0.036	A
4522.8307	9.597	0.031	A
4525.88909	9.582	0.031	A
4528.82109	9.581	0.036	A
4535.8126	9.586	0.033	A
4538.78485	9.599	0.031	A
4540.83487	9.597	0.037	A
4543.77906	9.608	0.036	A
4545.8285	9.603	0.044	A
4547.81176	9.605	0.039	A
4552.81862	9.578	0.033	A
4555.73934	9.604	0.032	A
4557.79977	9.594	0.035	A
4560.7284	9.57	0.032	A
4562.78528	9.594	0.031	A
4567.71355	9.568	0.035	A
4569.82894	9.598	0.035	A
4571.7493	9.577	0.036	A
4573.74318	9.588	0.035	A
4575.74048	9.601	0.034	A
4579.76198	9.647	0.038	A
4582.73564	9.706	0.036	A
4585.78206	9.586	0.046	A
4587.90134	9.585	0.031	A
4592.70141	9.598	0.031	A
4594.70303	9.589	0.029	A
4596.70252	9.613	0.03	A
4602.66012	9.592	0.036	A
4607.67568	9.606	0.04	A
4609.83437	9.578	0.039	A
4611.79066	9.592	0.033	A
4616.79917	9.626	0.034	A
4622.73011	9.55	0.036	A
4630.66828	9.615	0.031	A
4639.65802	9.607	0.033	A
4641.68324	9.606	0.034	A
4643.67898	9.565	0.041	A
4652.54695	9.597	0.039	A
4654.53304	9.575	0.034	A
4656.54541	9.619	0.035	A
4661.51872	9.592	0.036	A
4663.59016	9.587	0.042	A
4665.66758	9.587	0.038	A
4667.68555	9.74	0.046	A
4677.60619	9.585	0.037	A
4679.60983	9.684	0.034	A
4682.59976	9.714	0.041	A
4684.56708	9.609	0.04	A
4691.55713	9.695	0.038	A
4694.61321	9.842	0.044	A
4698.60512	9.615	0.041	A
4700.60478	9.782	0.038	A
4703.50422	9.667	0.04	A
4705.52906	9.61	0.042	A
4708.54404	9.61	0.041	A
4716.55565	9.587	0.037	A
4721.53798	9.892	0.039	A
4728.49863	9.564	0.043	A
4743.4916	9.581	0.038	A
4836.8561	9.605	0.044	A
4844.86482	9.613	0.044	A
4848.83345	9.571	0.035	A
4857.85262	9.588	0.032	A
4861.87871	9.652	0.037	A
4865.86054	9.575	0.046	A
4869.84998	9.569	0.04	A
4872.86993	9.568	0.038	A
4876.84056	9.691	0.039	A
4883.84206	9.609	0.036	A
4915.81935	9.914	0.051	A
4918.75533	9.824	0.053	A
4921.74911	9.831	0.049	A
4926.7948	9.601	0.048	A
4947.67328	9.593	0.046	A
4951.83133	9.746	0.047	A
4954.65045	9.894	0.05	A
4966.66464	9.923	0.05	A
4985.62765	9.602	0.048	A
4991.63705	9.616	0.051	A
4994.69885	9.595	0.049	A
5021.62582	9.608	0.047	A
5023.62888	9.641	0.046	A
5037.55509	9.615	0.042	A
5039.54936	9.585	0.048	A
5048.56011	9.578	0.048	A
1962.90928	9.58	0.058	B
2000.74239	9.629	0.05	B
2027.67515	9.613	0.047	B
2030.66505	9.595	0.045	B
2031.68542	9.629	0.05	B
2037.65954	9.586	0.05	B
2038.66073	9.598	0.056	B
2052.60156	9.622	0.051	B
2053.64357	9.616	0.051	B
2054.6377	9.577	0.052	B
2055.61949	9.602	0.048	B
2056.62322	9.601	0.045	B
2057.61389	9.599	0.048	B
2058.61594	9.615	0.045	B
2062.59271	9.61	0.051	B
2067.60026	9.6	0.05	B
2068.59458	9.61	0.049	B
2069.59721	9.603	0.048	B
2070.58766	9.599	0.049	B
2079.55226	9.603	0.038	B
2081.56187	9.618	0.047	B
2083.55014	9.581	0.044	B
2086.56167	9.608	0.047	B
2087.55791	9.605	0.046	B
2088.55187	9.615	0.046	B
2093.51658	9.609	0.046	B
2094.54056	9.646	0.049	B
2105.54392	9.612	0.042	B
2124.46553	9.683	0.048	B
2130.53816	9.873	0.043	B
2143.51455	9.612	0.048	B
2463.53657	9.593	0.053	B
2476.491	9.627	0.059	B
2501.49201	9.628	0.046	B
2554.48635	9.592	0.048	B
2747.76447	9.591	0.05	B
2775.68607	9.57	0.059	B
3034.87057	9.617	0.057	B
3165.7346	9.623	0.056	B
3190.65723	9.591	0.037	B
3412.84711	9.649	0.053	B
3421.85537	9.59	0.044	B
3424.83611	9.578	0.048	B
3427.82592	9.633	0.041	B
3492.72623	9.593	0.059	B
3518.64333	9.62	0.063	B
3525.81168	9.649	0.061	B
3544.52615	9.594	0.046	B
3559.72139	9.608	0.045	B
3562.48127	9.612	0.044	B
3585.61726	9.596	0.047	B
3597.62223	9.592	0.054	B
3601.59511	9.611	0.046	B
3621.54606	9.566	0.048	B
3635.5043	9.615	0.056	B
3802.78794	9.602	0.057	B
3851.75165	9.606	0.05	B
3856.66718	9.603	0.044	B
3868.70882	9.62	0.049	B
3872.71565	9.682	0.05	B
4687.55608	9.582	0.043	B
4724.50566	9.799	0.047	B
4730.50098	9.836	0.047	B
4744.49494	9.615	0.051	B
4899.88172	9.568	0.056	B
4920.75929	9.594	0.057	B
4924.8516	9.913	0.056	B
4928.77196	9.6	0.056	B
4931.72808	9.622	0.055	B
4936.6991	9.859	0.061	B
4950.80017	9.593	0.058	B
4959.70874	9.583	0.057	B
4967.70718	9.576	0.055	B
4972.77456	9.725	0.056	B
4988.67314	9.59	0.06	B
5006.61069	9.559	0.055	B
5015.67112	9.525	0.058	B
5020.71843	9.615	0.059	B
5029.59264	9.622	0.057	B
5038.57007	9.672	0.059	B
5040.55043	9.587	0.059	B
5049.59368	9.608	0.056	B
5067.58095	9.609	0.06	B
5069.58935	9.584	0.06	B
5071.60469	9.579	0.058	B
5084.53282	9.569	0.051	B
5086.53831	9.607	0.058	B
5110.49498	9.587	0.059	B
2052.60156	9.697	0.051	B
2057.61389	9.584	0.048	B
2058.61594	9.603	0.045	B
2143.51455	9.622	0.048	B
3427.82592	9.925	0.041	B
3851.75165	9.81	0.05	B
4936.6991	9.853	0.061	B
2173.49585	9.614	0.047	B
3389.85429	9.583	0.04	B
3393.85361	9.572	0.053	B
3448.76582	9.593	0.046	B
3487.69518	9.623	0.054	B
3737.85756	9.543	0.047	B
3746.84796	9.581	0.057	B
3761.83536	9.628	0.055	B
3765.83238	9.599	0.05	B
3769.83815	9.547	0.048	B
3798.81744	9.586	0.052	B
3890.72087	9.853	0.055	B
3901.66901	9.575	0.044	B
4143.81743	9.594	0.041	B
4166.83019	9.585	0.049	B
4340.56509	9.607	0.037	B
4342.56977	9.592	0.038	B
4516.79117	9.604	0.054	B
4645.68477	9.587	0.048	B
4647.75236	9.54	0.043	B
4649.73465	9.727	0.047	B
4710.58938	9.564	0.061	B
4725.52231	9.627	0.049	B
4886.84948	9.551	0.048	B
4904.80998	9.598	0.055	B
4907.84615	9.585	0.05	B
4937.70044	9.617	0.051	B
4939.75364	9.896	0.057	B
4949.71657	9.596	0.049	B
4961.69858	9.577	0.059	B
4968.7156	9.581	0.052	B
4973.82641	9.599	0.051	B
5025.63969	9.578	0.059	B
5031.63959	9.581	0.053	B
5057.58278	9.576	0.057	B
5063.59172	9.557	0.052	B
5085.51289	9.608	0.047	B
5098.51639	9.58	0.058	B
5105.49468	9.568	0.059	B