HJD	MAG	MER_4	GRADE
2115.50578	9.287	0.045	A
2117.5216	8.981	0.044	A
2134.50633	8.974	0.042	A
2141.50553	9.049	0.05	A
2143.49965	9.016	0.047	A
2145.491	8.986	0.048	A
3452.82634	8.997	0.037	A
2660.82781	9.023	0.046	A
2782.74453	9.02	0.04	A
1920.87106	9.037	0.05	A
1922.85958	9.033	0.045	A
1924.85363	8.997	0.045	A
1929.84195	9.02	0.043	A
1933.84136	9.028	0.042	A
1936.82392	9.014	0.039	A
1946.83308	9.018	0.044	A
1948.86239	9.303	0.043	A
1950.81121	9.015	0.038	A
1953.80237	9.013	0.038	A
1954.81743	9.03	0.036	A
1955.83198	8.993	0.039	A
1958.88842	8.996	0.037	A
1961.83977	9.034	0.038	A
1963.80603	9.001	0.037	A
1964.86028	8.998	0.038	A
1966.78699	8.99	0.038	A
1968.78363	8.999	0.042	A
1976.86177	8.967	0.044	A
1978.79926	9.026	0.047	A
1979.83163	8.962	0.048	A
1980.75628	9.036	0.056	A
1984.77432	8.996	0.048	A
1985.78992	9.007	0.051	A
1985.89126	8.997	0.05	A
2085.57991	9.015	0.043	A
2103.55658	8.999	0.052	A
2104.54959	9.033	0.049	A
2116.50938	9.002	0.044	A
2134.51307	9.787	0.048	A
2169.51678	9.025	0.05	A
2441.59556	9.01	0.032	A
2442.59635	9.037	0.029	A
2452.55434	8.991	0.046	A
2456.5555	8.98	0.041	A
2463.55046	9.001	0.05	A
2464.56064	8.986	0.041	A
2465.56438	8.989	0.035	A
2467.54518	9.019	0.029	A
2468.55548	8.98	0.037	A
2469.5521	8.98	0.039	A
2473.48678	9.016	0.042	A
2481.49573	8.976	0.044	A
2486.53318	9.005	0.05	A
2489.5105	9.022	0.055	A
2491.50203	9.025	0.05	A
2494.51106	9.089	0.038	A
2502.51263	8.997	0.042	A
2503.52665	8.983	0.042	A
2508.64135	9.009	0.041	A
2510.61769	8.994	0.038	A
2520.5617	9.295	0.037	A
2524.56406	9.018	0.041	A
2526.59944	9.01	0.048	A
2535.55801	9.005	0.04	A
2543.49515	9.34	0.046	A
2544.50911	8.979	0.036	A
2546.51738	9.048	0.045	A
2548.50162	9.013	0.036	A
2553.50114	9.002	0.035	A
2558.50588	9.001	0.039	A
2559.52701	8.992	0.049	A
2561.50768	9.001	0.046	A
2563.51071	9.223	0.036	A
2568.49723	8.989	0.038	A
2637.8651	8.991	0.049	A
2651.86411	8.993	0.043	A
2655.86532	9.008	0.042	A
2659.83776	9.004	0.043	A
2662.85401	9.005	0.042	A
2664.85586	8.993	0.041	A
2667.85711	9.008	0.043	A
2671.83817	9.01	0.041	A
2677.84667	9.002	0.053	A
2680.8105	9.002	0.038	A
2683.80493	9.003	0.037	A
2689.84545	9.105	0.049	A
2694.79836	9.019	0.041	A
2697.86616	9.001	0.04	A
2700.83513	9.008	0.042	A
2703.78223	9.013	0.043	A
2709.81486	9.006	0.035	A
2711.80151	8.976	0.05	A
2713.80494	9	0.039	A
2715.79596	9.34	0.056	A
2719.77292	9.001	0.053	A
2723.78881	9.014	0.045	A
2725.75734	8.974	0.052	A
2727.79085	9.008	0.048	A
2731.87081	8.985	0.048	A
2734.73882	8.977	0.049	A
2736.73908	8.989	0.051	A
2738.78771	9.34	0.055	A
2740.76718	9.009	0.034	A
2742.72556	9.003	0.051	A
2744.73	8.999	0.056	A
2747.78574	8.976	0.056	A
2750.82438	8.995	0.041	A
2752.72874	9.006	0.039	A
2755.70916	8.995	0.05	A
2757.70147	8.985	0.052	A
2759.75086	8.969	0.055	A
2761.68358	9.196	0.052	A
2763.6754	9.008	0.037	A
2766.73538	8.973	0.043	A
2775.72202	9.005	0.05	A
2782.7516	9.008	0.044	A
2784.67831	9.229	0.053	A
2785.8091	8.976	0.052	A
2787.75043	9.136	0.045	A
2790.89306	9.017	0.044	A
2794.61871	8.996	0.053	A
2805.83303	8.983	0.046	A
2809.73501	8.997	0.037	A
2810.84081	9	0.041	A
2812.60894	9.006	0.048	A
2821.53612	9.02	0.05	A
2826.58525	9.004	0.03	A
2829.59007	8.981	0.04	A
2830.72034	9.34	0.06	A
2832.56226	9.001	0.039	A
2836.7142	9.001	0.053	A
2843.65317	9.022	0.052	A
2851.72321	9.002	0.035	A
2854.52832	9.013	0.035	A
2858.55963	9.007	0.035	A
2859.63641	9.019	0.039	A
2861.61512	9.004	0.041	A
2866.59056	8.992	0.036	A
2868.64667	9.004	0.039	A
2872.64749	9.001	0.035	A
2875.65669	9.004	0.046	A
2877.64336	9.004	0.04	A
2883.51987	9.004	0.038	A
2885.52466	9.004	0.038	A
2888.55188	9.005	0.041	A
2893.51509	8.991	0.044	A
2895.52549	8.985	0.038	A
2897.53907	9.001	0.053	A
2901.52968	8.999	0.056	A
2905.52147	9.143	0.036	A
2908.53441	9.005	0.044	A
2910.5374	9.002	0.044	A
2912.5395	9.003	0.041	A
2916.51764	8.995	0.043	A
2921.53367	9.002	0.048	A
2924.50338	9.001	0.039	A
2927.51684	9	0.039	A
2930.49962	9.022	0.042	A
3032.84233	9.007	0.049	A
3036.83362	8.99	0.035	A
3042.84952	9.013	0.046	A
3052.83831	9.008	0.04	A
3055.87423	9.002	0.042	A
3059.82381	9.011	0.041	A
3063.83937	8.999	0.048	A
3067.87467	9.008	0.036	A
3070.83134	8.994	0.041	A
3073.83421	8.985	0.037	A
3076.83843	9.049	0.038	A
3079.81519	8.964	0.054	A
3082.81194	9.001	0.038	A
3086.82837	9.017	0.043	A
3089.79671	9.009	0.036	A
3092.77601	9.009	0.036	A
3096.87006	9.011	0.04	A
3098.81361	8.988	0.037	A
3100.81285	9.223	0.041	A
3103.766	9.021	0.041	A
3105.80419	8.992	0.04	A
3107.81115	9.005	0.037	A
3110.73873	8.994	0.038	A
3112.7901	9.014	0.039	A
3114.82947	9.361	0.035	A
3118.73588	8.993	0.037	A
3122.72532	9.015	0.034	A
3126.75318	9.012	0.038	A
3128.71476	8.995	0.041	A
3130.73807	8.997	0.043	A
3132.77704	8.997	0.044	A
3134.77272	8.996	0.042	A
3142.79438	9.01	0.036	A
3146.60097	9.273	0.033	A
3153.68125	9.002	0.034	A
3158.71289	9.003	0.047	A
3160.72384	8.998	0.056	A
3163.7379	9.014	0.036	A
3168.76908	8.997	0.044	A
3171.72311	9.008	0.036	A
3175.71634	9.016	0.042	A
3177.78331	9.004	0.044	A
3180.63842	9.008	0.037	A
3183.63314	9.006	0.042	A
3185.62436	9.003	0.042	A
3187.65244	9.003	0.039	A
3219.54457	9	0.035	A
3387.85412	9.182	0.051	A
3391.85448	8.992	0.054	A
3396.84727	9.006	0.041	A
3399.86486	9.008	0.054	A
3403.85935	9.008	0.051	A
3406.87692	9.024	0.042	A
3413.86641	9.27	0.061	A
3423.86823	8.987	0.057	A
3432.84364	9.069	0.04	A
3436.86471	9.227	0.045	A
3443.84804	9.009	0.041	A
3446.81723	9.005	0.048	A
3452.82634	9.008	0.05	A
3454.84942	9.015	0.053	A
3456.82307	9.26	0.051	A
3458.84738	9.002	0.051	A
3464.75748	9.028	0.036	A
3466.82196	9.004	0.036	A
3469.79666	9.006	0.036	A
3472.74912	9.003	0.042	A
3474.83863	9.003	0.048	A
3477.72794	9.028	0.047	A
3479.78072	9.217	0.044	A
3481.76179	9.012	0.044	A
3483.77041	8.997	0.041	A
3487.75802	8.992	0.052	A
3490.76422	9.004	0.048	A
3492.75239	8.982	0.049	A
3496.74774	8.999	0.039	A
3499.7535	9.021	0.042	A
3504.66491	8.997	0.048	A
3508.74146	9.095	0.034	A
3510.79842	9.006	0.033	A
3512.6818	8.999	0.041	A
3516.6799	8.991	0.042	A
3521.81511	9.037	0.041	A
3526.60727	9.115	0.036	A
3528.6558	9.282	0.036	A
3530.65556	9.017	0.045	A
3538.62907	9.006	0.04	A
3540.64875	9.01	0.039	A
3544.76095	8.991	0.043	A
3547.80388	9.006	0.056	A
3551.79191	9.139	0.054	A
3554.75394	9.017	0.035	A
3558.59264	8.991	0.045	A
3560.5897	8.982	0.046	A
3562.59016	9.024	0.046	A
3564.56874	9	0.039	A
3569.6708	9.017	0.039	A
3571.69615	9.21	0.041	A
3574.70359	9.29	0.039	A
3576.71804	9.015	0.041	A
3578.69535	9.028	0.047	A
3583.67273	9.027	0.049	A
3586.54148	9.028	0.046	A
3588.57848	9.007	0.043	A
3590.66184	9.013	0.045	A
3596.60904	9.002	0.045	A
3602.57996	9.008	0.048	A
3604.58932	9.013	0.059	A
3609.49432	8.972	0.052	A
3617.54924	9.008	0.042	A
3619.59949	9.029	0.047	A
3622.50636	8.99	0.055	A
3626.5718	9.017	0.041	A
3630.54967	9.007	0.046	A
3632.55596	9.003	0.048	A
3635.53814	9.008	0.054	A
3639.53971	9.009	0.044	A
3642.54293	8.985	0.049	A
3646.53854	9.288	0.041	A
3649.50801	9.04	0.056	A
3651.50675	9.026	0.048	A
3654.52641	9.012	0.051	A
3658.50488	9.001	0.048	A
3661.49842	9.007	0.052	A
3751.85772	9.021	0.056	A
3755.85288	9.004	0.051	A
3758.85771	8.997	0.05	A
3772.84385	9.368	0.051	A
3775.85417	9.103	0.052	A
3789.81575	9.006	0.053	A
3795.86112	9.359	0.046	A
3802.81479	8.991	0.057	A
3805.84366	9.009	0.046	A
3808.8409	9.014	0.05	A
3811.82131	9.006	0.048	A
3814.79323	8.995	0.053	A
3817.78291	9.011	0.046	A
3820.80063	8.992	0.055	A
3823.79332	9.005	0.052	A
3826.77951	9.026	0.052	A
3829.7672	9.015	0.043	A
3831.83301	9.012	0.048	A
3833.84105	9.02	0.048	A
3835.81158	9.002	0.049	A
3837.83096	9.009	0.046	A
3848.77655	8.992	0.062	A
3850.78407	9.03	0.05	A
3852.82318	9.013	0.052	A
3855.70651	8.987	0.046	A
3859.76274	9.007	0.045	A
3863.74096	9.014	0.042	A
3865.71531	9.016	0.046	A
3867.73241	9.197	0.047	A
3869.74303	9.004	0.055	A
3871.75564	9.004	0.045	A
3874.84038	9.024	0.048	A
3877.64525	9.004	0.044	A
3880.68683	9.018	0.046	A
3882.71862	8.994	0.045	A
3886.7211	9.007	0.044	A
3890.70101	9.216	0.048	A
3892.66496	8.981	0.047	A
3894.67483	9.007	0.038	A
3901.83343	9.009	0.048	A
3903.84841	8.995	0.048	A
3908.6077	9.007	0.048	A
4127.8405	9.007	0.039	A
4135.83654	9.027	0.05	A
4142.82476	9.013	0.038	A
4146.82423	9.02	0.058	A
4150.86904	9.001	0.042	A
4153.84793	9.014	0.041	A
4160.84406	8.99	0.039	A
4163.84752	9.016	0.054	A
4166.8578	9.012	0.046	A
4173.83673	8.995	0.039	A
4176.81756	8.992	0.042	A
4179.84635	8.994	0.04	A
4182.79635	8.988	0.039	A
4185.78988	8.972	0.039	A
4189.75107	9.001	0.035	A
4191.79172	9.014	0.037	A
4193.78128	8.989	0.039	A
4196.82861	9.013	0.051	A
4199.76562	9.02	0.044	A
4202.83154	8.999	0.037	A
4204.83694	8.99	0.037	A
4207.88162	9.027	0.04	A
4213.77502	8.986	0.041	A
4216.76685	9.006	0.035	A
4227.736	9.007	0.033	A
4229.73629	9.019	0.039	A
4231.74437	8.988	0.047	A
4233.74325	8.996	0.035	A
4235.74183	9.032	0.034	A
4245.63672	8.98	0.056	A
4246.80028	9.286	0.036	A
4250.70565	9.001	0.036	A
4253.77818	8.991	0.038	A
4256.60706	9.019	0.035	A
4258.65921	9.011	0.035	A
4269.70363	9.225	0.036	A
4272.63389	9.351	0.034	A
4274.64319	8.996	0.034	A
4278.6625	9.01	0.035	A
4282.66621	9.023	0.048	A
4284.67047	9.015	0.04	A
4290.66222	9.001	0.034	A
4292.61121	9.069	0.034	A
4296.61672	8.987	0.042	A
4298.62134	9.123	0.04	A
4300.57529	9.005	0.04	A
4302.62463	8.977	0.059	A
4304.56717	8.985	0.033	A
4306.58411	9.007	0.033	A
4308.62311	9.011	0.047	A
4310.6825	9.028	0.037	A
4315.69915	9.282	0.045	A
4319.57307	8.998	0.034	A
4330.49957	9.012	0.034	A
4332.5233	9.01	0.036	A
4334.53974	9.012	0.033	A
4338.56346	9.045	0.033	A
4340.61808	9.037	0.043	A
4342.60978	9.003	0.039	A
4344.60966	9.033	0.042	A
4346.60929	9.008	0.038	A
4348.61249	9.013	0.037	A
4350.61635	9.018	0.042	A
4353.50851	9.01	0.033	A
4355.60056	8.995	0.037	A
4358.49076	9	0.033	A
4360.49045	8.998	0.036	A
4362.55361	9.011	0.034	A
4364.55419	9.334	0.035	A
4368.53983	8.991	0.039	A
4373.50147	9.001	0.044	A
4376.52778	8.979	0.04	A
4378.54812	9.018	0.042	A
4381.52052	9.012	0.039	A
4387.49877	9.323	0.033	A
4389.50093	8.987	0.04	A
4481.86722	9.004	0.049	A
4487.86609	9.028	0.044	A
4491.86796	9.005	0.048	A
4499.86388	9.011	0.039	A
4503.84247	9.008	0.051	A
4506.85645	8.98	0.04	A
4510.84155	8.981	0.043	A
4519.84045	9.043	0.04	A
4522.84173	9.009	0.035	A
4525.84215	9.01	0.038	A
4528.87988	9.018	0.037	A
4531.85197	9.012	0.038	A
4535.85854	8.991	0.038	A
4538.82926	9.016	0.036	A
4541.8008	9.015	0.036	A
4547.78069	9.013	0.042	A
4550.80133	9.011	0.039	A
4552.87279	9.01	0.037	A
4555.78246	9.007	0.037	A
4558.76987	9.008	0.035	A
4560.83849	9.004	0.035	A
4563.76196	8.987	0.041	A
4565.81969	9.026	0.035	A
4568.74687	8.98	0.037	A
4570.81068	9.011	0.034	A
4572.776	8.996	0.038	A
4574.74726	9	0.041	A
4576.7708	9.011	0.042	A
4579.84713	9.074	0.043	A
4583.72701	9.015	0.036	A
4586.75603	8.99	0.039	A
4589.6867	8.994	0.038	A
4591.7268	8.996	0.037	A
4593.75853	9.014	0.035	A
4595.82294	8.999	0.034	A
4597.74296	8.995	0.034	A
4602.68182	9.029	0.042	A
4606.69632	9.008	0.049	A
4609.63912	9.003	0.037	A
4611.6842	9.231	0.037	A
4616.67827	9.002	0.035	A
4618.69258	9	0.036	A
4623.86354	8.999	0.04	A
4626.57024	9.011	0.034	A
4630.64113	9.007	0.037	A
4632.65905	9.002	0.038	A
4638.82096	9.004	0.043	A
4640.80591	9.011	0.036	A
4642.80141	9.004	0.038	A
4645.54667	9.008	0.035	A
4647.58747	8.993	0.042	A
4649.60352	9	0.043	A
4653.64744	9.14	0.035	A
4655.5916	9.014	0.035	A
4657.63605	9.241	0.047	A
4660.59698	9.022	0.058	A
4662.65653	9.004	0.043	A
4664.6542	9.009	0.041	A
4666.65857	9.02	0.039	A
4670.62065	8.997	0.037	A
4672.64383	9.039	0.038	A
4675.67968	8.995	0.039	A
4678.67741	9.031	0.04	A
4681.59473	9.01	0.039	A
4683.59478	8.982	0.043	A
4685.5717	8.966	0.046	A
4687.56011	9.032	0.037	A
4691.59433	9.02	0.04	A
4694.645	9.031	0.048	A
4698.61623	8.967	0.041	A
4700.61445	9.347	0.038	A
4702.61951	9.02	0.038	A
4704.61119	9.036	0.041	A
4707.59155	8.97	0.047	A
4716.54814	9.033	0.039	A
4720.60285	9.095	0.043	A
4726.58361	9.164	0.049	A
4729.57346	9.022	0.041	A
4733.52388	8.988	0.041	A
4737.53596	8.999	0.039	A
4740.52577	8.995	0.038	A
4743.51275	9.001	0.045	A
4745.52597	8.983	0.042	A
4754.50535	8.987	0.044	A
4758.49272	9.017	0.049	A
4847.85534	9.014	0.04	A
4850.85814	9.01	0.046	A
4862.85648	8.993	0.039	A
4867.83802	9.363	0.043	A
4870.86218	9.017	0.041	A
4876.84656	8.984	0.043	A
4883.89546	9.016	0.04	A
4891.8198	9	0.051	A
4901.89547	9.029	0.058	A
4905.77283	9.026	0.055	A
4916.74542	9.012	0.051	A
4918.84415	9.18	0.057	A
4921.78551	9.358	0.054	A
4926.8292	9.002	0.054	A
4929.83336	9.005	0.059	A
4935.74091	9.002	0.06	A
4940.72561	9.032	0.058	A
4948.72599	9.024	0.056	A
4951.71433	8.988	0.053	A
4955.74629	8.999	0.06	A
4959.76622	8.999	0.062	A
4967.73868	9.355	0.055	A
4969.75194	9.015	0.052	A
4975.64416	9.02	0.056	A
4984.69412	9.002	0.057	A
4992.85944	9.017	0.058	A
5015.64831	9.014	0.055	A
5022.51613	9.037	0.059	A
5024.55983	8.998	0.054	A
5031.61248	9.011	0.047	A
5037.53603	9.011	0.045	A
5039.52875	9.264	0.052	A
5041.53809	9.008	0.047	A
5057.56394	9.009	0.049	A
5063.574	8.962	0.051	A
5084.57041	8.985	0.05	A
5093.5782	8.995	0.058	A
2151.54229	9.004	0.053	B
3449.79294	8.985	0.06	B
1997.78267	9.378	0.05	B
2037.67016	9.032	0.055	B
2059.67556	9.025	0.061	B
2062.57192	9.207	0.056	B
2083.58201	8.994	0.054	B
2087.57143	9.011	0.052	B
2172.54248	9.013	0.066	B
2175.48753	9.004	0.047	B
2178.50557	9.033	0.044	B
2185.51606	9.016	0.047	B
2721.76695	8.993	0.064	B
2833.68434	9.159	0.06	B
3190.67057	9.015	0.043	B
3410.84691	9.223	0.052	B
3426.82899	9.039	0.051	B
3501.79731	8.989	0.064	B
3592.67255	8.982	0.051	B
3762.85876	9.024	0.06	B
3767.84974	9.044	0.061	B
3792.84558	9.128	0.046	B
3798.86555	9.065	0.057	B
3906.56626	9.027	0.05	B
4157.81291	9.306	0.042	B
4312.70343	8.977	0.049	B
4516.81811	9.291	0.065	B
4710.55198	9.296	0.064	B
4724.52629	8.958	0.051	B
4762.49385	9.044	0.048	B
4937.80004	8.972	0.057	B
4945.84364	9.019	0.057	B
4962.67176	8.992	0.059	B
4972.84502	8.985	0.056	B
4986.6746	9.003	0.065	B
4988.68914	9.007	0.063	B
5017.77849	9.022	0.064	B
5047.68433	9.007	0.062	B
5086.57287	9.006	0.063	B
5088.59849	9.035	0.063	B
5098.50588	8.987	0.061	B
5110.50917	9.012	0.059	B