HJD	MAG	MER_3	GRADE
2025.79423	9.774	0.031	A
2026.86448	9.791	0.032	A
2030.81482	9.758	0.031	A
2031.83781	9.805	0.034	A
2032.84763	9.78	0.032	A
2037.80458	9.79	0.036	A
2053.78413	9.93	0.033	A
2054.7835	9.783	0.033	A
2055.77883	9.779	0.031	A
2056.78231	9.798	0.033	A
2057.76705	9.796	0.033	A
2061.7919	9.786	0.031	A
2065.73849	9.784	0.035	A
2080.67362	9.781	0.035	A
2081.72104	9.833	0.031	A
2082.72108	9.803	0.035	A
2083.7119	9.773	0.039	A
2085.71231	9.786	0.034	A
2086.71616	9.792	0.034	A
2087.70417	9.778	0.031	A
2088.70546	9.787	0.033	A
2103.67155	9.787	0.031	A
2104.66644	9.788	0.031	A
2105.66069	9.787	0.033	A
2106.66834	9.803	0.03	A
2114.75334	9.784	0.029	A
2115.65082	9.769	0.031	A
2116.63398	9.787	0.029	A
2117.63435	9.789	0.031	A
2128.59292	9.791	0.03	A
2129.60989	9.79	0.034	A
2130.60999	9.785	0.032	A
2131.60251	9.789	0.033	A
2132.60842	9.79	0.032	A
2133.60481	9.777	0.03	A
2135.59951	9.787	0.039	A
2136.599	9.782	0.031	A
2140.58127	9.78	0.034	A
2141.58839	9.862	0.03	A
2143.58312	9.802	0.033	A
2145.56965	9.785	0.032	A
2443.72683	9.779	0.027	A
2464.68045	9.771	0.032	A
2465.67966	9.948	0.033	A
2467.6695	9.78	0.029	A
2470.62982	9.779	0.035	A
2489.65586	9.787	0.032	A
2490.58742	9.784	0.036	A
2495.60961	9.791	0.038	A
2497.60916	9.809	0.029	A
2498.60179	9.82	0.031	A
2499.59536	9.796	0.028	A
2501.60362	9.773	0.03	A
2502.60819	9.785	0.04	A
2503.60386	9.788	0.036	A
2526.50536	9.78	0.035	A
2544.65237	9.784	0.028	A
2546.56951	9.82	0.028	A
2548.56358	9.781	0.026	A
2562.50882	9.775	0.028	A
2563.57176	9.791	0.029	A
2710.88231	9.793	0.036	A
2713.89959	9.779	0.033	A
2730.85569	9.774	0.028	A
2734.83289	9.783	0.029	A
2736.8856	9.953	0.034	A
2739.84769	9.782	0.028	A
2747.90092	9.782	0.041	A
2754.84706	9.785	0.031	A
2756.88092	9.773	0.027	A
2758.86616	9.789	0.027	A
2760.88024	9.765	0.027	A
2764.83174	9.801	0.025	A
2786.79122	9.776	0.027	A
2790.80002	9.775	0.034	A
2808.87098	9.785	0.03	A
2812.70192	9.795	0.029	A
2814.88555	9.797	0.031	A
2819.75385	9.774	0.028	A
2821.74099	9.794	0.038	A
2829.69273	9.777	0.04	A
2830.79103	9.781	0.027	A
2835.7194	9.798	0.031	A
2838.71039	9.783	0.026	A
2854.83475	9.78	0.025	A
2858.62289	9.781	0.024	A
2867.5798	9.784	0.027	A
2872.73303	9.802	0.027	A
2875.73649	9.784	0.028	A
2877.70457	9.954	0.028	A
2879.77406	9.772	0.031	A
2883.53565	9.791	0.026	A
2884.70731	9.894	0.027	A
2886.54828	9.766	0.032	A
2892.72201	9.786	0.034	A
2894.61941	9.785	0.029	A
2896.63107	9.773	0.03	A
2898.61394	9.782	0.028	A
2900.60871	9.779	0.028	A
2904.59573	9.798	0.036	A
2906.59884	9.773	0.026	A
2909.62105	9.802	0.028	A
2911.57185	9.783	0.027	A
2917.62416	9.783	0.033	A
2921.62222	9.793	0.033	A
2923.60812	9.939	0.032	A
2926.6014	9.793	0.029	A
2928.6038	9.794	0.03	A
2930.59979	9.951	0.029	A
2932.59267	9.774	0.03	A
2934.58839	9.783	0.028	A
2939.59238	9.776	0.028	A
2945.52446	9.783	0.033	A
2947.57459	9.785	0.033	A
2950.55837	9.803	0.035	A
2953.53737	9.784	0.037	A
2955.5517	9.777	0.029	A
2958.52124	9.778	0.027	A
2963.51993	9.775	0.033	A
2965.53557	9.8	0.03	A
3076.8954	9.802	0.032	A
3082.88956	9.807	0.035	A
3088.8868	9.792	0.035	A
3092.88197	9.787	0.033	A
3097.90115	9.775	0.03	A
3101.88629	9.783	0.037	A
3109.87047	9.776	0.031	A
3113.85061	9.815	0.032	A
3125.86293	9.777	0.033	A
3128.84852	9.784	0.031	A
3131.81919	9.81	0.036	A
3142.81168	9.769	0.027	A
3154.70938	9.807	0.028	A
3157.83221	9.783	0.036	A
3166.75736	9.785	0.028	A
3169.73801	9.769	0.029	A
3176.73917	9.787	0.027	A
3177.70846	9.79	0.031	A
3179.72521	9.8	0.028	A
3182.73	9.792	0.027	A
3186.77316	9.779	0.035	A
3275.66344	9.991	0.036	A
3278.56629	9.792	0.035	A
3452.91304	9.778	0.033	A
3622.53355	9.775	0.043	A
3630.65768	9.755	0.036	A
3663.51953	9.783	0.033	A
2490.58742	9.76	0.046	A
2727.91146	9.763	0.042	A
2853.61161	9.774	0.037	A
2894.61941	9.767	0.043	A
3177.70846	9.771	0.047	A
2156.57241	9.79	0.046	A
2167.51575	9.766	0.043	A
2169.52986	9.793	0.048	A
2172.52123	9.79	0.042	A
2180.50843	9.949	0.044	A
2184.48833	9.787	0.041	A
2187.50599	9.985	0.04	A
2190.512	9.778	0.038	A
2192.55693	9.797	0.041	A
2194.56039	9.982	0.043	A
2197.50904	9.78	0.042	A
2201.49463	9.9	0.041	A
3430.89696	9.796	0.044	A
3444.90886	9.953	0.052	A
3452.91304	9.779	0.052	A
3459.87004	9.796	0.041	A
3465.86634	9.96	0.045	A
3468.89436	9.777	0.039	A
3472.90439	9.971	0.048	A
3476.87287	9.784	0.044	A
3480.85319	9.767	0.05	A
3483.8804	9.784	0.042	A
3487.90733	9.773	0.042	A
3496.87068	9.791	0.037	A
3500.85691	9.757	0.044	A
3503.82617	9.768	0.039	A
3506.87424	9.8	0.042	A
3509.89985	9.779	0.04	A
3512.79166	9.778	0.041	A
3522.79841	9.78	0.049	A
3524.84258	9.781	0.049	A
3539.73422	9.887	0.048	A
3550.76233	9.795	0.045	A
3555.85139	9.788	0.044	A
3559.69653	9.791	0.046	A
3563.78784	9.791	0.045	A
3568.81634	9.773	0.044	A
3570.68103	9.776	0.042	A
3573.72081	9.788	0.046	A
3575.73408	9.795	0.044	A
3581.82732	9.77	0.049	A
3584.63556	9.794	0.045	A
3586.65173	9.755	0.047	A
3592.80287	9.83	0.046	A
3596.66375	9.794	0.045	A
3603.61855	9.792	0.043	A
3606.62019	9.864	0.043	A
3616.57595	9.771	0.043	A
3622.72309	9.773	0.045	A
3628.54076	9.781	0.043	A
3632.62401	9.784	0.047	A
3634.6568	9.788	0.044	A
3637.65982	9.79	0.046	A
3641.60672	9.801	0.042	A
3643.65967	9.787	0.05	A
3647.57036	9.777	0.04	A
3658.56131	9.786	0.05	A
3660.57966	9.789	0.049	A
3669.52584	9.778	0.041	A
3671.56388	9.769	0.043	A
3674.54911	9.789	0.047	A
3795.89754	9.758	0.05	A
3799.89851	9.807	0.049	A
3805.90115	9.788	0.046	A
3809.90691	9.78	0.053	A
3813.89846	9.788	0.05	A
3820.89934	9.783	0.05	A
3824.88587	9.786	0.049	A
3828.87518	9.784	0.045	A
3832.86147	9.772	0.046	A
3836.86518	9.781	0.05	A
3858.82435	9.779	0.05	A
3861.83318	9.789	0.044	A
3867.86536	9.797	0.045	A
3877.81016	9.878	0.044	A
3880.89185	9.78	0.044	A
3886.83472	9.768	0.045	A
3889.77653	9.803	0.043	A
3891.80516	9.785	0.043	A
3893.81554	9.769	0.041	A
3896.80865	9.804	0.045	A
3903.8043	9.79	0.044	A
3908.74076	9.752	0.046	A
3912.75786	9.78	0.045	A
4160.8995	9.764	0.046	A
4176.89344	9.777	0.049	A
4180.8907	9.841	0.051	A
4189.91362	9.772	0.038	A
4193.86165	9.775	0.041	A
4203.90107	9.78	0.042	A
4213.92495	9.833	0.05	A
4230.89041	9.778	0.039	A
4247.80262	9.88	0.04	A
4253.79744	9.788	0.043	A
4258.73815	9.774	0.041	A
4266.78704	9.773	0.041	A
4269.73712	9.797	0.042	A
4273.74041	9.781	0.043	A
4276.73457	9.766	0.041	A
4278.72542	9.79	0.042	A
4284.74515	9.787	0.043	A
4292.7209	9.773	0.037	A
4296.72858	9.775	0.047	A
4298.73725	9.805	0.045	A
4302.75219	9.777	0.039	A
4304.67214	9.77	0.039	A
4306.6825	9.792	0.039	A
4315.66933	9.777	0.044	A
4329.61846	9.785	0.043	A
4331.61738	9.775	0.043	A
4333.58144	9.772	0.038	A
4334.77523	9.779	0.038	A
4339.59656	9.771	0.044	A
4341.59657	9.792	0.041	A
4343.60275	9.768	0.041	A
4345.60866	9.798	0.04	A
4347.61098	9.788	0.039	A
4349.6091	9.786	0.044	A
4351.60858	9.755	0.045	A
4353.6913	9.792	0.038	A
4356.53372	9.789	0.039	A
4358.53596	9.769	0.039	A
4367.51567	9.893	0.043	A
4369.56707	9.792	0.044	A
4371.58515	9.768	0.046	A
4376.58865	9.764	0.041	A
4378.60389	9.782	0.046	A
4380.63257	9.788	0.046	A
4382.64066	9.791	0.038	A
4385.53926	9.771	0.04	A
4387.54145	9.78	0.04	A
4389.5317	9.779	0.041	A
4399.5373	9.801	0.048	A
4402.57542	9.951	0.045	A
4407.5056	9.773	0.042	A
4409.56319	9.875	0.043	A
4413.54914	9.781	0.039	A
4426.52205	9.78	0.048	A
4526.90022	9.772	0.045	A
4532.90328	10.02	0.043	A
4538.90298	9.778	0.044	A
4542.9009	9.774	0.044	A
4546.88814	9.837	0.044	A
4550.90481	9.772	0.045	A
4558.89987	9.783	0.04	A
4562.87599	9.773	0.044	A
4566.87688	9.783	0.042	A
4570.86511	9.78	0.039	A
4573.90802	9.784	0.039	A
4576.88383	9.777	0.042	A
4580.84826	9.788	0.043	A
4585.91693	9.814	0.045	A
4588.8605	9.796	0.043	A
4591.85314	9.774	0.044	A
4594.84867	9.776	0.039	A
4597.83876	9.781	0.043	A
4602.8381	9.778	0.045	A
4606.85449	9.979	0.049	A
4616.84756	9.796	0.04	A
4623.77391	9.774	0.041	A
4627.80326	9.779	0.044	A
4629.7784	9.784	0.041	A
4631.7982	9.786	0.042	A
4633.78619	9.771	0.048	A
4640.7714	9.789	0.039	A
4642.76557	9.767	0.04	A
4644.78867	9.771	0.043	A
4647.70296	9.791	0.041	A
4649.74733	9.784	0.052	A
4651.79574	9.883	0.043	A
4653.77497	9.776	0.04	A
4655.73433	9.784	0.041	A
4657.76477	9.796	0.04	A
4661.63939	9.785	0.041	A
4667.69676	9.778	0.041	A
4672.76949	9.76	0.041	A
4675.77724	9.787	0.039	A
4681.70587	9.759	0.046	A
4683.75651	9.771	0.04	A
4685.67619	9.759	0.046	A
4687.66033	9.784	0.041	A
4694.62358	9.781	0.048	A
4697.71548	9.812	0.04	A
4701.68962	9.78	0.041	A
4703.69353	9.8	0.04	A
4705.75054	9.773	0.041	A
4708.64438	9.795	0.044	A
4710.66214	9.799	0.044	A
4715.56836	9.8	0.042	A
4722.54573	9.77	0.046	A
4725.57082	9.764	0.049	A
4728.53505	9.783	0.044	A
4733.5914	9.94	0.046	A
4737.58011	9.77	0.044	A
4740.56897	9.825	0.042	A
4754.578	9.788	0.049	A
4756.60815	9.784	0.045	A
4759.57454	9.804	0.046	A
4762.56898	9.751	0.044	A
4765.56268	9.815	0.049	A
4768.5525	9.773	0.048	A
4771.51959	9.768	0.047	A
4777.50289	9.768	0.049	A
4786.53149	9.981	0.05	A
4945.84827	9.78	0.052	A
4951.86716	9.824	0.052	A
5082.66162	9.803	0.051	A
5084.69967	9.765	0.052	A
1965.90516	9.829	0.053	B
1967.90446	9.851	0.049	B
1979.87174	9.813	0.046	B
1981.87234	9.75	0.043	B
1982.88245	9.782	0.048	B
1984.8703	9.778	0.045	B
1994.86682	9.785	0.049	B
1996.86179	9.811	0.051	B
1998.85413	9.768	0.053	B
2000.85634	9.987	0.052	B
2064.80751	9.795	0.048	B
2093.62463	9.78	0.037	B
2134.60327	9.953	0.032	B
2442.72705	9.777	0.026	B
2446.72697	9.789	0.03	B
2466.66341	9.821	0.029	B
2473.63316	9.772	0.038	B
2474.67093	9.776	0.037	B
2481.62174	9.836	0.047	B
2482.65157	9.773	0.042	B
2486.62905	9.806	0.039	B
2491.62731	9.778	0.044	B
2493.61603	9.776	0.036	B
2508.61401	9.772	0.032	B
2529.53723	9.736	0.041	B
2535.60481	9.814	0.039	B
2540.65872	9.787	0.033	B
2553.53698	9.795	0.034	B
2564.58749	9.789	0.03	B
2707.88829	9.78	0.048	B
2769.84607	9.777	0.044	B
2853.61161	9.789	0.043	B
3118.89218	9.758	0.049	B
3146.78654	9.79	0.044	B
3163.81886	9.818	0.041	B
3172.78816	9.764	0.05	B
3190.82811	9.801	0.04	B
3656.51697	9.795	0.04	B
4381.54879	9.99	0.039	B
4769.5237	9.804	0.038	B
4776.53411	9.778	0.042	B
4793.51657	9.944	0.052	B
2487.65743	9.778	0.048	B
2713.89959	9.766	0.046	B
2207.5527	9.769	0.055	B
2213.49994	9.793	0.045	B
3448.9113	9.77	0.054	B
3491.91256	9.756	0.05	B
3520.83484	9.765	0.051	B
3577.75872	9.746	0.051	B
3588.68142	9.807	0.054	B
3590.75273	9.797	0.049	B
3601.6152	9.762	0.05	B
3618.67797	9.759	0.051	B
3620.66268	9.795	0.05	B
3651.63134	9.821	0.048	B
3656.49307	9.764	0.056	B
3677.53608	9.805	0.048	B
3863.87058	9.972	0.047	B
3869.83276	9.78	0.054	B
3874.86623	9.793	0.051	B
3901.79342	9.776	0.051	B
3905.83477	9.808	0.052	B
4165.90123	9.762	0.058	B
4208.89554	9.949	0.048	B
4233.82615	9.816	0.056	B
4290.73896	9.822	0.055	B
4312.67113	9.8	0.049	B
4360.5398	9.775	0.058	B
4373.59733	9.786	0.044	B
4422.52222	9.744	0.06	B
4678.79374	9.771	0.055	B
4730.57603	9.765	0.051	B
4779.55049	9.945	0.051	B
4783.54012	9.761	0.055	B
4892.90052	9.776	0.06	B
4928.91246	9.764	0.058	B
4948.88242	9.805	0.054	B
4954.85694	9.801	0.058	B
4962.85328	9.793	0.058	B
4967.87393	9.811	0.06	B
4974.81188	9.796	0.056	B
4984.82584	9.772	0.054	B
4988.81259	9.794	0.054	B
4990.80114	9.994	0.059	B
5014.74962	9.791	0.055	B
5022.72643	9.792	0.059	B
5024.73064	9.812	0.06	B
5029.77741	9.792	0.054	B
5042.67164	9.78	0.062	B
5067.59792	9.786	0.06	B
5071.6124	9.84	0.058	B
5087.54251	9.76	0.057	B
5089.59581	9.765	0.059	B
5093.65788	9.777	0.06	B
5097.65887	9.811	0.055	B
5111.56089	9.78	0.053	B
5144.51871	9.764	0.061	B