HJD	MAG	MER_4	GRADE
2206.53489	8.744	0.037	B
2213.51731	8.69	0.039	B
2217.50928	8.728	0.038	B
2452.69733	8.756	0.042	B
2508.71837	8.729	0.04	A
2540.62047	8.709	0.038	A
2561.54987	8.706	0.037	A
2562.57296	8.711	0.037	A
2568.56665	8.742	0.041	B
2578.53382	8.788	0.033	A
2727.90811	8.721	0.045	A
2737.90611	8.745	0.046	A
2739.89103	8.701	0.038	A
2743.90167	8.74	0.038	A
2755.85706	8.737	0.035	A
2755.87155	8.719	0.036	A
2757.90091	8.727	0.036	A
2760.86961	8.817	0.039	A
2761.86996	8.719	0.04	A
2764.86511	8.724	0.037	A
2764.91098	8.722	0.04	A
2767.91282	8.834	0.038	A
2782.90453	8.718	0.034	A
2784.8345	8.746	0.036	A
2786.81498	8.712	0.035	A
2790.83328	8.711	0.036	A
2790.84853	8.745	0.036	A
2804.79391	8.724	0.042	A
2808.83102	8.761	0.037	A
2810.74779	8.732	0.035	A
2812.73947	8.732	0.033	A
2815.87543	8.724	0.04	A
2821.77348	8.711	0.038	A
2829.74958	8.897	0.039	A
2831.69081	8.706	0.035	A
2831.70968	8.715	0.036	A
2832.74515	8.715	0.038	A
2832.7647	8.722	0.037	A
2834.68624	8.801	0.04	A
2838.86422	8.848	0.041	A
2851.72099	8.727	0.034	A
2854.59932	8.708	0.032	A
2857.79879	8.716	0.036	A
2859.60977	8.727	0.035	A
2860.69159	8.728	0.036	A
2862.63212	8.875	0.04	A
2866.64664	8.712	0.034	A
2867.72144	8.718	0.034	A
2875.65049	8.859	0.035	A
2879.64449	8.715	0.033	A
2884.63013	8.749	0.037	A
2886.57373	8.738	0.033	A
2888.6384	8.738	0.046	A
2892.66009	8.721	0.044	B
2894.59644	8.743	0.056	B
2894.59644	8.735	0.033	A
2896.60782	8.737	0.04	A
2898.5955	8.8	0.034	A
2900.59034	8.722	0.034	A
2906.57806	8.739	0.036	A
2909.57986	8.864	0.035	A
2911.55146	8.708	0.032	B
2913.56657	8.686	0.062	B
2916.55594	8.731	0.035	A
2918.58727	8.741	0.038	A
2922.55601	8.724	0.038	A
2924.5614	8.716	0.036	A
2927.56053	8.947	0.035	A
2929.56171	8.732	0.035	A
2931.56502	8.735	0.036	A
2933.56274	8.862	0.041	A
2935.56187	8.722	0.037	A
2937.56058	8.711	0.038	A
2940.53399	8.728	0.041	A
2942.52711	8.723	0.044	A
2946.55918	8.721	0.039	A
2950.52428	9.014	0.045	A
2953.52617	8.727	0.045	A
2956.52149	8.882	0.038	A
2959.519	8.99	0.042	A
3101.9062	8.723	0.056	B
3105.89773	8.727	0.052	B
3112.90132	8.715	0.052	B
3146.82936	8.701	0.047	B
3153.86289	8.713	0.032	A
3156.82699	8.742	0.032	A
3162.8351	8.854	0.04	A
3168.82252	8.718	0.034	A
3168.84744	8.858	0.034	A
3171.78593	8.729	0.051	B
3175.80275	8.705	0.039	A
3178.75543	8.824	0.05	B
3180.88634	8.708	0.034	A
3183.77535	8.744	0.043	A
3185.82485	8.904	0.043	A
3187.7604	8.699	0.042	A
3190.76867	8.868	0.039	A
3266.55444	8.691	0.034	A
3266.60833	8.71	0.038	A
3268.54329	8.711	0.04	A
3268.56282	8.71	0.037	B
3270.5556	8.739	0.042	A
3272.6169	8.736	0.058	B
3273.57459	8.723	0.04	B
3275.5914	8.737	0.042	A
3277.62771	8.986	0.048	B
3278.5789	8.731	0.036	A
3280.55899	8.712	0.034	A
3280.62177	8.718	0.044	A
3293.59763	8.727	0.047	B
3294.57448	8.869	0.036	B
3296.60965	8.73	0.041	A
3464.88927	8.809	0.037	A
3468.89839	8.721	0.041	A
3472.91179	8.673	0.047	A
3473.91122	8.698	0.045	A
3476.90213	8.954	0.04	A
3477.9085	8.739	0.042	A
3489.91525	8.741	0.065	B
3490.90551	8.718	0.042	A
3492.89176	8.732	0.052	A
3496.91624	8.708	0.052	A
3497.90951	8.69	0.049	A
3500.90312	8.961	0.036	B
3508.89905	8.7	0.038	A
3508.91856	8.701	0.036	A
3511.84239	8.814	0.041	A
3511.8684	8.993	0.039	A
3515.83587	8.74	0.043	A
3516.85899	8.747	0.052	B
3520.86784	8.673	0.05	A
3520.88955	8.686	0.05	B
3523.80516	8.713	0.051	A
3523.83809	8.78	0.048	A
3526.82749	8.731	0.041	A
3528.84859	8.758	0.06	B
3538.79864	8.717	0.047	B
3538.82232	8.73	0.034	B
3540.80289	8.774	0.044	B
3540.83309	8.866	0.044	A
3543.75977	8.704	0.054	A
3556.72049	8.961	0.04	A
3559.7621	8.702	0.056	B
3559.79445	8.736	0.056	B
3562.70818	8.776	0.039	B
3564.72629	8.709	0.042	A
3564.74542	8.728	0.038	A
3569.74837	8.845	0.038	A
3571.7335	8.713	0.045	A
3571.7441	8.736	0.042	A
3574.74787	8.812	0.047	A
3576.68753	8.698	0.041	A
3576.76309	8.725	0.042	A
3578.70927	8.733	0.039	A
3579.82742	8.692	0.044	A
3582.83231	8.879	0.05	B
3583.75351	8.739	0.053	B
3585.66859	8.827	0.043	A
3587.70903	8.715	0.042	A
3588.63706	8.711	0.051	B
3588.76586	8.726	0.034	B
3588.76827	8.696	0.036	B
3588.77076	8.72	0.033	B
3588.77409	8.745	0.038	B
3588.77646	8.759	0.035	B
3588.77896	8.759	0.035	B
3588.78146	8.729	0.034	B
3588.78396	8.758	0.034	B
3588.78648	8.79	0.038	B
3588.78899	8.797	0.038	B
3588.79148	8.775	0.034	B
3588.79399	8.813	0.037	B
3588.79645	8.843	0.037	B
3588.79896	8.814	0.038	B
3588.80651	8.88	0.039	B
3588.81236	8.875	0.04	B
3588.81771	8.891	0.036	B
3588.82372	8.868	0.045	B
3588.83976	8.768	0.036	B
3589.55795	8.774	0.042	B
3589.58857	8.991	0.04	A
3589.64889	8.724	0.039	A
3589.67576	8.712	0.039	A
3589.70559	8.73	0.038	A
3589.76741	8.707	0.039	B
3589.7978	8.706	0.034	A
3589.82373	8.758	0.042	B
3589.82631	8.735	0.035	A
3590.69423	8.706	0.049	B
3592.64691	8.761	0.042	A
3596.64522	8.876	0.042	A
3596.67194	8.738	0.04	A
3599.75798	8.859	0.045	A
3599.76107	8.875	0.041	A
3601.77252	8.708	0.053	B
3601.77529	8.721	0.046	A
3603.75287	8.721	0.048	A
3603.76513	8.705	0.045	A
3616.70499	8.881	0.053	B
3619.57665	8.812	0.048	A
3619.58492	8.886	0.046	B
3621.63251	8.709	0.058	B
3621.64381	8.738	0.055	B
3624.6459	8.709	0.041	A
3624.65417	8.722	0.038	A
3626.65675	8.863	0.043	A
3626.66005	9.056	0.04	A
3629.65546	8.703	0.051	A
3629.65864	8.732	0.048	A
3631.6608	8.714	0.053	B
3631.67103	8.74	0.051	B
3633.67503	8.882	0.05	A
3633.6837	8.897	0.047	A
3637.57711	8.918	0.042	A
3637.58041	8.96	0.04	A
3639.6522	8.737	0.051	A
3639.66205	8.866	0.049	A
3642.62967	8.706	0.041	A
3642.63298	8.733	0.038	A
3644.65767	8.8	0.05	B
3646.57682	8.698	0.039	A
3648.58989	8.759	0.054	B
3649.53967	8.729	0.042	A
3650.64223	9.008	0.039	A
3651.55681	8.705	0.043	A
3653.55982	8.712	0.057	B
3654.58182	8.77	0.046	A
3655.57359	8.829	0.047	A
3656.59781	8.758	0.044	A
3658.55737	8.721	0.054	A
3658.62423	8.743	0.048	B
3660.57573	8.78	0.053	B
3663.51555	8.697	0.053	B
3669.54254	8.73	0.041	A
3669.56262	8.733	0.039	A
3671.57302	8.728	0.041	A
3674.55628	8.726	0.047	B
3832.91171	8.717	0.047	A
3834.89797	8.699	0.049	A
3836.9078	8.78	0.048	A
3850.89497	8.799	0.042	A
3857.89287	8.682	0.054	A
3859.90456	8.728	0.046	B
3864.84477	8.72	0.049	A
3866.85992	8.823	0.046	A
3869.83908	8.707	0.057	B
3869.85196	8.7	0.052	B
3872.84011	8.784	0.045	A
3875.85706	8.729	0.055	B
3880.86856	8.704	0.04	A
3883.89799	8.701	0.049	B
3887.84073	8.737	0.041	A
3891.84073	8.695	0.043	A
3893.8589	8.693	0.041	A
3894.81115	8.806	0.038	A
3896.85158	8.881	0.047	A
3900.79728	8.846	0.056	B
3901.8416	8.805	0.053	B
3902.84999	8.778	0.041	A
3905.78778	8.722	0.049	A
3906.75657	8.821	0.049	A
3908.77896	8.744	0.046	B
3912.78669	8.893	0.051	B
3912.79494	8.82	0.043	A
3981.61174	8.732	0.051	B
4228.84327	8.722	0.037	A
4231.88651	8.724	0.036	A
4234.87516	8.755	0.039	A
4245.85687	8.79	0.072	B
4247.82817	8.72	0.036	A
4253.82889	8.71	0.051	B
4253.86112	8.721	0.04	A
4256.82311	8.899	0.039	A
4256.8389	9.028	0.034	A
4268.7727	8.712	0.043	A
4274.79962	8.87	0.036	A
4277.76504	8.751	0.038	A
4283.7803	8.765	0.048	B
4285.79805	8.912	0.043	A
4291.79107	9.01	0.032	A
4293.77824	8.714	0.032	A
4295.79425	8.737	0.034	A
4297.81486	8.752	0.05	B
4299.76943	8.703	0.034	A
4301.72993	8.796	0.041	A
4303.72915	8.748	0.038	A
4305.71523	8.722	0.035	A
4307.6994	8.898	0.035	A
4309.69016	8.709	0.06	B
4312.71481	8.743	0.046	A
4315.71074	8.731	0.044	A
4329.76204	8.726	0.043	A
4331.66936	8.737	0.032	A
4333.63	8.719	0.036	A
4336.6123	8.809	0.044	A
4340.6483	8.707	0.041	A
4342.64109	8.786	0.049	B
4344.64076	8.681	0.044	A
4346.63879	8.781	0.042	B
4348.64429	8.938	0.038	B
4350.65128	8.716	0.045	B
4353.58203	8.758	0.034	A
4355.66295	8.741	0.034	A
4357.6908	8.739	0.035	A
4362.58297	8.71	0.033	A
4364.57125	8.889	0.034	A
4367.626	8.761	0.043	B
4369.65387	8.724	0.045	A
4371.67512	8.767	0.043	A
4375.54273	8.829	0.035	A
4377.54917	8.749	0.038	B
4379.55224	8.762	0.037	A
4381.59926	8.759	0.039	A
4383.64397	8.778	0.035	A
4386.54853	8.75	0.034	A
4388.53226	8.748	0.036	A
4400.5843	8.819	0.052	B
4408.53017	8.707	0.039	A
4411.55714	8.707	0.04	B
4428.52122	8.754	0.053	B
4559.91539	8.821	0.04	A
4567.90725	8.696	0.038	A
4571.91035	8.797	0.035	A
4575.89561	8.747	0.043	A
4587.89264	8.729	0.034	A
4591.87882	8.701	0.037	A
4594.90548	9.059	0.037	A
4597.89805	8.731	0.034	A
4600.887	8.898	0.04	A
4603.88385	8.721	0.035	A
4607.83025	8.747	0.052	B
4610.82558	8.817	0.037	A
4616.8744	8.702	0.038	A
4621.8385	8.766	0.054	B
4623.88107	8.757	0.039	A
4630.7793	8.73	0.039	A
4632.78348	8.754	0.036	A
4640.83917	8.748	0.039	A
4642.84116	8.755	0.036	A
4645.75643	8.922	0.039	B
4647.81073	8.727	0.039	A
4649.87462	8.727	0.046	A
4652.73712	8.751	0.035	A
4654.77062	8.735	0.037	A
4656.75863	8.775	0.041	A
4660.72293	8.723	0.033	A
4662.82594	8.739	0.043	A
4664.7217	8.739	0.041	A
4671.72031	8.733	0.034	A
4674.69125	8.839	0.035	A
4677.75169	8.716	0.039	B
4679.76182	8.748	0.038	A
4682.73412	8.737	0.043	A
4684.74191	8.722	0.043	A
4686.70431	8.99	0.038	A
4690.69243	8.756	0.035	A
4696.7917	8.72	0.043	A
4698.69307	8.893	0.039	A
4700.69057	8.748	0.038	B
4702.70365	8.758	0.039	A
4705.59693	8.727	0.04	A
4707.68359	8.712	0.045	A
4716.60697	8.728	0.041	A
4724.56039	8.799	0.043	A
4726.61565	8.887	0.043	A
4729.60544	8.704	0.041	A
4731.62938	8.731	0.048	B
4734.65916	8.761	0.042	A
4739.54335	8.707	0.038	A
4742.53646	9.037	0.044	A
4744.54925	8.744	0.046	A
4746.55855	8.75	0.046	A
4750.54966	8.753	0.052	B
4753.54656	8.741	0.042	A
4755.59063	8.913	0.04	A
4758.55212	8.749	0.043	A
4761.54217	8.778	0.043	A
4764.53905	8.74	0.039	A
4766.53494	9.022	0.045	A
4767.53448	8.76	0.042	A
4770.51978	8.781	0.05	B
4772.55935	8.753	0.042	A
4774.5723	8.768	0.041	A
4778.5363	9.033	0.041	A
4782.54029	8.764	0.05	B
4785.53211	8.722	0.042	A
4948.91538	8.782	0.054	B
4952.89413	8.743	0.056	B
4961.90394	8.915	0.059	B
4968.91845	8.81	0.056	B
4972.88743	8.815	0.057	B
4975.86158	8.767	0.055	B
4984.89032	9.194	0.059	B
4991.84788	8.757	0.057	B
5023.77815	8.773	0.054	B
5041.68042	8.761	0.051	B
5063.65657	8.822	0.051	B
5070.75295	8.755	0.059	B
5082.70742	8.786	0.057	B
5089.68495	8.756	0.055	B
5092.5779	8.972	0.049	A